668
1619
1922
352
1323
1297
1147
1096
1364
1217
1296
2309
1090
636
1196
1120
706
1307
1237
1141
1230
1082
1011
632
1160
1114
1215
1173
710
258
1179
639
873
641
1013
1320
34
1319
354
1153
1185
1165
1328
1234
1279
1241
1243
1335
1283
1246
1154
1248
1294
1325
1295
1306
1247
1250
1245
1285
1112
1282
1289
269
1131
1293
1292
1221
1359
1092
717
667
1184
1205
143
196
1192
59
471
1213
1145
1079
885
1347
272
418
341
317
323
436
887
1178
1183
1284
1346
419
1338
1167
1126
895
1290
1331
1242
1280
172
222
1222
891
1291
2330
1311
1158
653
1336
1177
1155
1531
1541
905
2335
1511
1383
1504
1533
1573
1571
735
1502
1382
1428
1602
1567
1460
559
579
1509
1508
736
659
1459
1534
1417
404
339
909
358
1579
57
43
51
232
241
1586
483
42
2341
1398
1449
1549
1462
2245
545
75
1438
1381
1484
1448
1539
1471
1500
1491
1592
244
1400
1537
1391
1482
1552
1597
1396
1388
49
1576
922
40
246
2346
1601
1501
65
422
423
1447
218
1566
1416
1402
499
1563
1421
417
598
1487
1440
432
1435
1415
542
605
1098
932
1422
2365
1450
2366
1442
1556
1406
64
219
1558
1562
1561
1560
1559
1557
1536
1408
433
1419
560
466
586
508
1384
319
1785
1755
1800
1811
430
2435
2434
2254
1738
1754
1795
505
1644
1639
412
1687
1802
1085
1661
1843
298
443
758
859
1741
759
760
320
1705
400
389
420
374
303
348
403
415
373
355
472
593
1844
54
229
1627
1710
1695
1708
552
275
768
27
1736
1685
1680
1832
1615
1726
1807
1115
947
629
1829
1087
379
1846
1815
2388
1750
1747
1744
1817
950
952
1655
953
627
1753
1105
1648
1857
1662
1742
1613
1690
1713
1618
1095
1660
1104
1641
1673
1666
1799
1784
558
793
1834
1101
2263
1837
523
1669
1674
1792
1796
1745
1625
1659
1746
1739
1751
1820
1752
1748
1816
1814
1787
2055
2014
340
494
2007
435
2025
1909
1968
975
2102
63
2052
800
1928
2071
1957
1882
1958
1936
1989
1966
980
981
2277
2035
1950
555
313
345
2081
1903
1902
1901
1960
2037
1955
2043
2053
2023
1108
2038
1888
1984
2013
492
2085
2045
70
213
2030
2103
2051
1990
2063
1962
2010
533
1862
2005
1113
1910
2104
1913
2098
1916
1103
1081
69
2056
2017
2080
318
398
2050
1985
2031
2048
1917
2024
683
528
1905
2000
1097
1880
37
2409
1894
2082
1972
2072
1973
585
2059
2011
1959
343
2034
2108
1904
1946
2154
46
2128
2223
214
253
2198
237
394
2139
410
2220
2236
2178
2135
2419
2301
1094
2157
2165
2228
2206
1078
1080
2172
1005
840
2131
2426
2145
1099
2184
2133
2119
217
66
2207
390
1106
2137
2144
2126
2195
2208